Time Steps (in seconds): [0, 600, 1200, 1800, 2400, 3000, 3600, 4200, 4800, 5400, 6000, 6600, 7200, 7800]
Overflow Nodes:
XZnode467: Overflows: [0.0, 0.0, 0.0, 0.0, 0.0, 5.590205903684642, 9.717080428634654, 9.716821766919676, 8.575412923375813, 6.953370034003764, 5.7081225220604965, 4.662512540332719, 3.798881342333831, 1.904869704107234]
XZnode468: Overflows: [0.0, 0.0, 0.0, 0.0, 0.0, 0.716123618812095, 0.7161228048704753, 0.7161231157780311, 0.7161231948323366, 0.7161229950518799, 0.716123132535133, 0.7161230774667241, 0.7161230767543009, 0.7161230940064219]
XZnode469: Overflows: [0.0, 0.0, 0.0, 0.0, 0.0, 2.029714398034455, 2.4660801103185364, 2.0045803839165655, 1.5885930032007791, 0.9540089323674086, 0.3714378374601666, 0.0, 0.0, 0.0]
XZnode470: Overflows: [0.0, 0.0, 0.0, 0.0, 0.0, 0.0, 0.36703783722207384, 0.038520796743230015, 0.0, 0.0, 0.0, 0.0, 0.0, 0.0]
XZnode471: Overflows: [0.0, 0.0, 0.0, 0.0, 0.0, 0.5896813830328907, 0.4467661288564806, 0.0, 0.0, 0.0, 0.0, 0.0, 0.0, 0.0]
XZnode472: Overflows: [0.0, 0.0, 0.0, 1.7504314618311734, 4.389229893540902, 6.797990169396386, 6.791951311363432, 6.480582203528576, 5.939920557490527, 5.052411187330671, 4.100554225070648, 3.4167406360752937, 2.6045293452669918, 0.3401077533015168]
XZnode475: Overflows: [0.0, 0.0, 0.0, 0.0, 0.0, 0.7078133760563388, 0.9367708215527755, 0.5024040116881219, 0.1767208073622744, 0.004577459519985057, 0.0, 0.0, 0.0, 0.0]
XZnode486: Overflows: [0.0, 0.0, 0.0, 0.0, 0.0, 1.0435002125610864, 1.5314671183724862, 1.1076735708343992, 0.7039416778483634, 0.4060033794234325, 0.19389717136417525, 0.029483943469158884, 0.0, 0.0]
XZnode490: Overflows: [0.0, 0.0, 0.0, 0.0, 0.0, 1.4535235787773455, 2.692310729135178, 2.113793345998745, 1.374447723600981, 0.7540677024240661, 0.27362473605616516, 0.0, 0.0, 0.0]
XZnode492: Overflows: [0.0, 0.0, 0.0, 0.2509255149916047, 0.41702100475309745, 0.986939943984045, 1.0216421050025197, 0.7492328753037898, 0.5688088031653986, 0.45654001818882745, 0.3834361344695698, 0.3329412887783673, 0.2961318635485468, 0.16096937844509965]
XZnode504: Overflows: [0.0, 0.0, 0.0, 0.0, 0.0, 0.0, 0.33866591613112107, 0.0, 0.0, 0.0, 0.0, 0.0, 0.0, 0.0]
XZnode507: Overflows: [0.0, 0.0, 0.0, 0.5850947365490121, 1.0380725568586453, 2.300227795387646, 3.073673360790156, 2.5717150392410986, 2.0749448173360308, 1.702919364807807, 1.436259251437872, 1.2417277964604874, 1.0958920924336522, 0.7307359581388517]
XZnode508: Overflows: [0.0, 0.0, 0.0, 0.0, 0.0, 2.1887219413751424, 3.1460182543010067, 1.5050028668813986, 0.2772693878737981, 0.0, 0.0, 0.0, 0.0, 0.0]
XZnode509: Overflows: [0.0, 0.0, 0.0, 0.0, 0.0005342612190586464, 1.0385760043683925, 1.0385760046786958, 1.038576004678693, 1.0385760046786934, 0.5873341396449825, 0.1286073939880314, 0.00044626035924420424, 0.0, 0.0]
XZnode511: Overflows: [0.0, 0.0, 0.0, 0.0, 0.0, 1.2559336400155465, 1.4483985025512567, 0.95076530160465, 0.5014615426767995, 0.09755748633406765, 0.0, 0.0, 0.0, 0.0]
XZnode519: Overflows: [0.0, 0.0, 0.0, 0.3423924034075388, 0.8973511051444115, 2.9681351049714197, 3.0053730252358983, 2.0140428818997047, 1.3816498694756667, 0.9923148375229148, 0.7097161486446685, 0.5389742457790336, 0.41904739221025716, 0.0]
XZnode1332: Overflows: [0.0, 0.0, 0.18533444574060842, 0.3076802418940034, 0.4784346777723864, 1.1524855276457637, 1.0127320676882117, 0.6847960391743957, 0.5104463437538389, 0.41112510841767763, 0.3485677685089363, 0.30558225684548856, 0.27409050941677826, 0.12273982545814385]
XZnode1342: Overflows: [0.0, 0.0, 0.0, 0.0, 0.0, 0.09343324153452312, 0.05202957684082542, 0.0, 0.0, 0.0, 0.0, 0.0, 0.0, 0.0]
XZnode1344: Overflows: [0.0, 0.0, 0.0, 0.0, 0.03657337438559418, 1.2220243195804288, 1.1344985245578385, 0.5440472649875543, 0.1985688677573003, 0.0, 0.0, 0.0, 0.0, 0.0]
XZnode1345: Overflows: [0.0, 0.0, 0.0, 0.0, 0.0, 1.6266903635066572, 2.4055266694923194, 1.8730354856041602, 1.298860691704872, 0.8488923577732811, 0.5146973727628392, 0.26553478791756313, 0.07598051931879231, 0.0]
XZnode1347: Overflows: [0.0, 0.0, 0.0, 0.0, 0.0, 1.783899113476724, 2.5499757782484207, 2.0477245400586956, 1.4966575976595435, 1.0615716517364635, 0.7369528724271286, 0.4942009968324152, 0.3091498918951428, 0.0]
XZnode1350: Overflows: [0.0, 0.0, 0.0, 0.0, 0.0, 0.3600855102583543, 0.37051523719066637, 0.09017074408028913, 0.0, 0.0, 0.0, 0.0, 0.0, 0.0]
XZnode1353: Overflows: [0.0, 0.0, 0.0, 0.2551248620923113, 0.4253574952893852, 1.0066135716201714, 1.0488814026726545, 0.7724587067872887, 0.587329396832549, 0.4715295000407167, 0.39594029782007384, 0.3436736369224328, 0.30556247942917575, 0.16727368325359615]
XZnode1356: Overflows: [0.0, 0.0, 0.0, 0.0, 0.1113874826711833, 1.864542060410335, 2.665425693194924, 2.1794191526048032, 1.6286757921561945, 1.18065999607202, 0.832995326574255, 0.5730457726882615, 0.3748880658472867, 0.0]
XZnode1358: Overflows: [0.0, 0.0, 0.015137803504682013, 0.286870354098735, 0.6827747118612554, 1.9961338078521071, 2.1930884698638566, 1.5970581205953254, 1.1653657341992079, 0.8848894699265315, 0.6981728201026363, 0.5678376032925869, 0.4724592563778226, 0.15246584797931084]
XZnode1370: Overflows: [0.0, 0.0, 0.0, 0.0, 0.0, 1.0501734926649222, 1.5925204141196128, 1.0453936091889962, 0.643648889727623, 0.2815097663396085, 0.0, 0.0, 0.0, 0.0]
XZnode1374: Overflows: [0.0, 0.0, 0.0, 0.0, 0.0, 0.09737349096694665, 0.042659908397754805, 0.0, 0.0, 0.0, 0.0, 0.0, 0.0, 0.0]
XZnode1376: Overflows: [0.0, 0.0, 0.0, 0.0, 0.0, 2.2125235031645945, 1.6115484206095205, 0.0, 0.0, 0.0, 0.0, 0.0, 0.0, 0.0]
XZnode1378: Overflows: [0.0, 0.0, 0.0, 0.0, 0.19648111688790731, 1.2036357709665584, 1.093925294031811, 0.6071189315079096, 0.324173589115567, 0.15705589003286513, 0.0504392969437477, 0.0, 0.0, 0.0]
XZnode1379: Overflows: [0.0, 0.0, 0.0, 0.4491469268851693, 0.9551971991313618, 2.4572737630743267, 2.5082231505285137, 1.7820059570533269, 1.3134556953388956, 1.0253404541430597, 0.838769679247788, 0.6873925476044316, 0.5401489349270194, 0.0]
XZnode1381: Overflows: [0.0, 0.0, 0.00024985830711238467, 0.29492550356358854, 0.7226936985784286, 2.246802660248033, 2.215853451413646, 1.4741231837340971, 1.0155028467902094, 0.7384127671005392, 0.5602574202780061, 0.4377146607030803, 0.34837722487227085, 0.0]
XZnode1393: Overflows: [0.0, 0.0, 0.0, 0.0, 0.24290414196688634, 1.0532644694571431, 0.9977263825414613, 0.6016150486488568, 0.3660523692270195, 0.22598091603048723, 0.13647407133630496, 0.0749970624226369, 0.03014518853602918, 0.0]
XZnode1394: Overflows: [0.0, 0.0, 0.0, 0.0, 0.28609296037320014, 0.5740712545928364, 0.5415538262750477, 0.3760207774435676, 0.2939399229757296, 0.24862180651989263, 0.2201500995369486, 0.20070632806082986, 0.18642682149011158, 0.0]
XZnode1395: Overflows: [0.0, 0.0, 0.0, 0.0, 0.0, 1.1905825239562224, 1.0808348184850702, 0.5043864221255122, 0.1701376641329367, 0.0, 0.0, 0.0, 0.0, 0.0]
XZnode1396: Overflows: [0.0, 0.0, 0.29411703969685654, 0.5218362506851072, 0.8202797189918831, 0.8246427111999353, 0.8246427111999353, 0.8246427111999354, 0.8246427111999353, 0.7984828904594132, 0.6771633939391098, 0.5905424751521662, 0.5275732682355171, 0.26523411989105306]
XZnode1397: Overflows: [0.0, 0.0, 0.0, 0.0, 0.0, 0.3904575229303596, 0.42627766703788283, 0.2363368226790491, 0.10703291890448076, 0.025525577982887068, 0.0, 0.0, 0.0, 0.0]
XZnode1398: Overflows: [0.0, 0.0, 0.0, 0.0, 0.44405192596542425, 1.84608409164714, 1.7960029338129608, 1.1252738312985864, 0.7140232123546079, 0.46546722403257157, 0.27747374508305866, 0.13003152710964325, 0.02406037414036343, 0.0]
XZnode1402: Overflows: [0.0, 0.0, 0.23861222336976193, 0.7565180633867381, 1.483031851333042, 4.183873282803088, 3.920113408149329, 2.6078634121283746, 1.8433655979782735, 1.3910067662483134, 1.1019846679292757, 0.9032110890835308, 0.7579642350445661, 0.13827165840985553]
XZnode1403: Overflows: [0.0, 0.2674607811943991, 0.6404696892107571, 0.791179736228656, 1.0035339252933269, 1.7445435417684279, 1.7617481818283351, 1.4014009959774134, 1.1715372389084089, 1.0309606603672614, 0.9401665282732705, 0.8776532995514545, 0.8321092157784146, 0.6581222200778085]
XZnode1404: Overflows: [0.0, 0.0, 0.0, 0.0, 0.0, 0.0, 0.09689420353939641, 0.0, 0.0, 0.0, 0.0, 0.0, 0.0, 0.0]
XZnode1408: Overflows: [0.0, 0.0, 0.2652495844059815, 0.5242330851062914, 0.9078971819167444, 2.155191323705021, 2.418798215326653, 1.877617443366434, 1.4595876567369284, 1.1795117117401677, 0.9899703718969995, 0.8565268030346397, 0.758491847163389, 0.44824450496902557]
XZnode1409: Overflows: [0.0, 0.14771311337475476, 0.3676812433304384, 0.5594433670837581, 0.8442858355644431, 2.0966400013344435, 1.6190868642820595, 1.0600861644537478, 0.7926286778682444, 0.6440600483314064, 0.550274472807309, 0.4853055028716061, 0.43719917026833677, 0.1634679562080148]
XZnode1411: Overflows: [0.0, 0.0, 0.024539488521096903, 0.12446769440317323, 0.26909249770035304, 0.7530211795043524, 0.8132913944276423, 0.5899618579009696, 0.43228771438018554, 0.3311500748134662, 0.2642901885997079, 0.21778863257315925, 0.18381405797373576, 0.06689192578052189]
XZnode1412: Overflows: [0.0, 0.0, 0.07830893113337917, 0.23379196142543174, 0.47228011218062865, 1.2260879673697762, 1.469255111108714, 1.1811138854085104, 0.9258715565143191, 0.7430785379128936, 0.614523790591372, 0.521958006487222, 0.4530909819752189, 0.2564971994525311]
XZnode1416: Overflows: [0.0, 0.0, 0.0, 0.0, 0.0, 0.3213711326765443, 0.29469536330533147, 0.07484516853025669, 0.0, 0.0, 0.0, 0.0, 0.0, 0.0]
XZnode1419: Overflows: [0.0, 0.06810350576020699, 0.33257732840347276, 0.7132373248856668, 1.2929292335136264, 3.1563376383189397, 3.6894104330624202, 2.9729040263306317, 2.359580250576992, 1.9228368255030068, 1.6152436624751585, 1.3930262048463657, 1.2271210757591664, 0.7432563515904277]
XZnode1420: Overflows: [0.0, 0.0, 0.06610603175385336, 0.18366972106261156, 0.3645274191192011, 0.9354132984213186, 1.1249472749691656, 0.9109254957012433, 0.7181567118932225, 0.5789723841569007, 0.48060555004350797, 0.4095607422653723, 0.35660682735889393, 0.20688807013145202]
XZnode1423: Overflows: [0.0, 0.0, 0.0, 0.0, 0.0, 0.10623361734693586, 0.12374984349598253, 0.0, 0.0, 0.0, 0.0, 0.0, 0.0, 0.0]
XZnode1428: Overflows: [0.0, 0.0, 0.0, 0.0, 0.0, 0.30539169160700125, 0.4839167052063318, 0.2452808178280727, 0.04107511968022625, 0.0, 0.0, 0.0, 0.0, 0.0]
XZnode1430: Overflows: [0.0, 0.0, 0.0, 0.0, 0.0, 3.840716646061036, 1.9260664154601481, 0.0, 0.0, 0.0, 0.0, 0.0, 0.0, 0.0]
XZnode1431: Overflows: [0.0, 0.0, 0.0, 0.0, 0.0, 0.4006827059326167, 0.40086020567605857, 0.0, 0.0, 0.0, 0.0, 0.0, 0.0, 0.0]
XZnode1432: Overflows: [0.0, 0.0, 0.0, 0.0, 0.0, 0.252947363401168, 0.23760138518284413, 0.0, 0.0, 0.0, 0.0, 0.0, 0.0, 0.0]
XZnode1436: Overflows: [0.0, 0.0, 0.0, 0.0, 0.055066690052874144, 0.3330621727708121, 0.28906401672304194, 0.15266929831896178, 0.07736482106929775, 0.033948556474306814, 0.006512522243793199, 0.0, 0.0, 0.0]
XZnode1439: Overflows: [0.0, 0.0, 0.0, 0.8617543780611149, 2.668259090681663, 8.189762137358993, 11.249117331904358, 9.995235883379982, 8.29749918614051, 6.844641709150722, 5.7062741943519955, 4.8266550482301245, 4.140793656061853, 2.4933626403086038]
XZnode1441: Overflows: [0.0, 0.0, 0.3399081158601375, 0.7696155611975797, 0.8748065381470692, 1.247111980477761, 1.0560042321917802, 0.9070257269125868, 0.8404373592613531, 0.8036209846392275, 0.7801604310908047, 0.7637391653356648, 0.7514760455304886, 0.5694399801863441]
XZnode1444: Overflows: [0.0, 0.0, 0.0, 0.0, 0.21743012199983827, 1.3661408388904948, 1.4860361719313853, 0.9487616168681025, 0.577482121010355, 0.34177681513787406, 0.1867817131677018, 0.07925440614588708, 0.000767931826476165, 0.0]
XZnode2334: Overflows: [0.0, 0.0, 0.0, 0.0, 0.41260414331095807, 3.076430300461894, 2.544391246158916, 1.2501560232387323, 0.5574472926102726, 0.16135161813645224, 0.0, 0.0, 0.0, 0.0]
XZnode2338: Overflows: [0.0, 0.0, 0.6908101603728604, 1.1728851947353267, 1.4791727911465349, 1.479182941386435, 1.479182941386435, 1.479182941386435, 1.4791829413864346, 1.4791829413864346, 1.4009071234148347, 1.2310712944471778, 1.1014813387680795, 0.5287663246453072]
XZnode2340: Overflows: [0.0, 0.0, 0.4111488358552997, 0.8490702802360556, 1.4041474226471933, 2.7967672197353903, 2.7910178582881597, 2.4522471397133336, 1.8600875013156746, 1.4840795810397303, 1.2417051865990258, 1.0854376015953684, 0.9702266958949851, 0.5187841863724673]
XZnode2341: Overflows: [0.0, 0.0, 0.0, 0.0, 0.0, 0.4996594551553335, 0.561549780282878, 0.0, 0.0, 0.0, 0.0, 0.0, 0.0, 0.0]
XZnode2722: Overflows: [0.0, 0.0, 0.0, 0.0, 0.0, 1.3235453231672183, 1.9158008087591492, 1.4315118194262884, 0.944954727846526, 0.575391909816833, 0.30611179565079033, 0.10783613021078958, 0.0, 0.0]
XZnode2731: Overflows: [0.0, 0.0, 0.0, 0.0, 0.0, 0.12289518944243456, 0.22190929735178272, 0.0, 0.0, 0.0, 0.0, 0.0, 0.0, 0.0]
XZnode2732: Overflows: [0.0, 0.0, 0.0, 0.0, 0.0, 0.2383661256411211, 0.49565015710593463, 0.33431468326885927, 0.0, 0.0, 0.0, 0.0, 0.0, 0.0]
XZnode2733: Overflows: [0.0, 0.0, 0.0, 0.0, 0.0, 0.8509002835386715, 0.9392455175009368, 0.6469122566761754, 0.42950794982262847, 0.13688069850430443, 0.0, 0.0, 0.0, 0.0]
XZnode2734: Overflows: [0.0, 0.0, 0.0, 0.0, 0.0, 0.4381934504794337, 0.48204961399588236, 0.07761856497610448, 0.0, 0.0, 0.0, 0.0, 0.0, 0.0]
XZnode2747: Overflows: [0.0, 0.187191341441416, 0.8087878848710783, 1.5222792116097186, 2.24125571102219, 4.453069689716996, 4.344161873458583, 3.2617540247186687, 2.611510134649342, 2.2221546789018918, 1.9723420910327498, 1.8004371001587973, 1.6749504987450794, 1.0349768415920573]
XZnode2750: Overflows: [0.0, 0.0, 0.0008596434887896617, 1.1141217367883913, 2.850447421695555, 8.21294947786989, 9.369615934892533, 7.070284459474531, 5.263555802479816, 4.000635246613177, 3.150666462280686, 2.5540808601484413, 2.1166128172648975, 0.7176635584738331]
XZnode2751: Overflows: [0.0, 0.0, 0.0, 0.0, 0.0, 0.7248165057093673, 0.6456479582360727, 0.20135621968621528, 0.0, 0.0, 0.0, 0.0, 0.0, 0.0]
XZnode2756: Overflows: [0.0, 0.0, 0.0, 0.0, 0.0, 0.6931950968384732, 0.5423387737636102, 0.0, 0.0, 0.0, 0.0, 0.0, 0.0, 0.0]
XZnode2834: Overflows: [0.0, 0.0, 0.0, 0.0, 0.0, 0.8583121802709157, 0.787032173895842, 0.149198236982923, 0.0, 0.0, 0.0, 0.0, 0.0, 0.0]
XZnode2835: Overflows: [0.0, 0.0, 0.0, 0.0, 0.0, 0.026312379412835617, 0.02631237955641599, 0.0263123795564164, 0.0, 0.0, 0.0, 0.0, 0.0, 0.0]
XZnode2836: Overflows: [0.0, 0.0, 0.0, 0.0, 0.36233446555357807, 1.7297161516236346, 1.8854093247881736, 1.292432560866448, 0.8303284840614396, 0.5051275331982712, 0.29548112382547453, 0.15302097394859246, 0.051729000889244287, 0.0]
XZnode2846: Overflows: [0.0, 0.0, 0.0, 0.0, 0.0, 1.5589720658030621, 1.56830146839443, 0.037495417529826644, 0.0, 0.0, 0.0, 0.0, 0.0, 0.0]
XZnode2851: Overflows: [0.0, 0.0, 0.0, 0.0, 0.1129048576157349, 0.8355144058142726, 0.8149624118595108, 0.46112301378018433, 0.2444271678399907, 0.07685186576501452, 0.030108856874968254, 0.0, 0.0, 0.0]
XZnode2853: Overflows: [0.0, 0.0, 0.0, 0.0, 0.0, 0.9400784536356677, 1.007762504552722, 0.5085902932268224, 0.1765426474660406, 0.0, 0.0, 0.0, 0.0, 0.0]
XZnode2854: Overflows: [0.0, 0.0, 0.0, 0.0, 0.0, 0.3577993982734149, 0.3497536630692921, 0.14912321085805139, 0.025275243867164926, 0.0, 0.0, 0.0, 0.0, 0.0]
XZnode2863: Overflows: [0.0, 0.0, 0.0, 0.0, 0.0, 1.6641354289356058, 1.748480976885501, 0.6027694379347337, 0.0, 0.0, 0.0, 0.0, 0.0, 0.0]
XZnode2864: Overflows: [0.0, 0.0, 0.0, 0.0, 0.0, 1.436465526964854, 1.603683241562939, 0.9265573990168209, 0.4436113940302206, 0.0, 0.0, 0.0, 0.0, 0.0]
XZnode2866: Overflows: [0.0, 0.0, 0.0, 0.0, 0.0, 1.4393446164334154, 1.2216462267625292, 0.4605553855814334, 0.032258777332769425, 0.0, 0.0, 0.0, 0.0, 0.0]
XZnode2888: Overflows: [0.0, 0.0, 0.0, 0.0, 0.0, 1.4393800079570913, 2.117315065281337, 1.0137277083035205, 0.20209044774128118, 0.0, 0.0, 0.0, 0.0, 0.0]
XZnode2902: Overflows: [0.0, 0.0, 0.0, 0.0, 0.0, 0.16554306366666247, 0.051826378600934246, 0.0, 0.0, 0.0, 0.0, 0.0, 0.0, 0.0]
XZnode2911: Overflows: [0.0, 0.0, 0.0, 0.0, 0.0, 0.5300980591968841, 0.5681547789923838, 0.5681565917548582, 0.5681557125872599, 0.5681554354350166, 0.24504466703911146, 0.0, 0.0, 0.0]
XZnode2912: Overflows: [0.0, 0.0, 0.0, 0.0, 0.0, 0.1664065561983972, 0.13195628325085246, 0.03144423342223651, 0.0, 0.0, 0.0, 0.0, 0.0, 0.0]
XZnode2913: Overflows: [0.0, 0.0, 0.0, 0.0, 0.0, 1.4347673023112868, 1.469148133429749, 0.70342599517281, 0.1951394061390197, 0.0, 0.0, 0.0, 0.0, 0.0]
XZnode2915: Overflows: [0.0, 0.0, 0.0, 0.0, 0.0, 0.018293814721764782, 0.0029489988908702382, 0.0, 0.0, 0.0, 0.0, 0.0, 0.0, 0.0]
XZnode2916: Overflows: [0.0, 0.0, 0.0, 0.0, 0.0, 0.5760605485726664, 0.41991023099301333, 0.0, 0.0, 0.0, 0.0, 0.0, 0.0, 0.0]
XZnode2928: Overflows: [0.0, 0.0, 1.9757223050726151, 3.27349111631278, 5.045420636460486, 8.272554473829745, 8.272674792680428, 7.231319985255668, 5.379858231196131, 4.335435551132679, 3.6759532231581775, 3.2239550584220344, 2.8912785640249923, 1.291382242933083]
XZnode2931: Overflows: [0.0, 0.0, 0.0, 0.0036332434209966746, 0.4131206381417935, 1.8438239738882243, 1.9142034919240072, 1.2265308227461096, 0.7762853034439389, 0.497653191826618, 0.31671531502640354, 0.19187875826224082, 0.10090199394420103, 0.0]
XZnode2933: Overflows: [0.0, 0.0, 0.0, 0.0, 0.3002018275174469, 1.9509884008702152, 2.1611210602661926, 1.3763487425763645, 0.767920359702721, 0.3889441948809753, 0.14225317401872117, 0.0, 0.0, 0.0]
XZnode2944: Overflows: [0.0, 0.0, 0.0, 0.0, 0.0, 0.5410017507429566, 2.2932782387237673, 1.7747151302663615, 0.9288285331797715, 0.15951871981561594, 0.0, 0.0, 0.0, 0.0]
XZnode2948: Overflows: [0.0, 0.0, 0.0, 0.0, 0.0, 0.0, 0.19527702316146653, 0.0, 0.0, 0.0, 0.0, 0.0, 0.0, 0.0]
XZnode2958: Overflows: [0.0, 0.0, 0.0, 0.0, 0.0, 0.332895698137077, 0.14460867283486198, 0.0, 0.0, 0.0, 0.0, 0.0, 0.0, 0.0]
XZnode3135: Overflows: [0.0, 0.0, 0.0, 0.40742467404603466, 0.9906703151180788, 2.9415878865439202, 3.1250324204680413, 2.2078429944301217, 1.5806401811377953, 1.1823947185734076, 0.9214062473403948, 0.7406177497759523, 0.6087349875406434, 0.14158398510044132]
XZnode3143: Overflows: [0.0, 0.0, 0.0, 0.0, 0.0, 0.6074870777064763, 0.6067724948159845, 0.20613360883157472, 0.0, 0.0, 0.0, 0.0, 0.0, 0.0]
XZnode3150: Overflows: [0.0, 0.0, 0.0, 0.0, 0.3864104113562552, 6.88117697141029, 9.489406010628729, 7.245030286324707, 5.050400096386679, 3.4055562341186416, 2.2169987664164927, 1.3465972829618293, 0.6922171150088974, 0.0]
XZnode3160: Overflows: [0.0, 0.0, 0.0, 0.0, 0.0, 0.047249560321047726, 0.2427966401519307, 0.0, 0.0, 0.0, 0.0, 0.0, 0.0, 0.0]
XZnode3162: Overflows: [0.0, 0.0, 0.0, 0.0, 0.19970627837395716, 1.055402339119153, 1.023074337444528, 0.7393786785262014, 0.4668499936275317, 0.2152632787971948, 0.08962725018508522, 0.018474977445841895, 0.0, 0.0]
XZnode3167: Overflows: [0.0, 0.0, 0.0, 0.0, 0.0, 0.97151206367237, 0.7198759405271834, 0.1499743053977045, 0.0, 0.0, 0.0, 0.0, 0.0, 0.0]
XZnode3168: Overflows: [0.0, 0.0, 0.0, 0.0, 0.0, 0.005280298407053208, 0.12348654293511135, 0.0, 0.0, 0.0, 0.0, 0.0, 0.0, 0.0]
XZnode3172: Overflows: [0.0, 0.0, 0.0, 0.0, 0.0, 0.11716951753312126, 0.11796166970162841, 0.049784634960741786, 0.0, 0.0, 0.0, 0.0, 0.0, 0.0]
XZnode3173: Overflows: [0.0, 0.0, 0.0, 0.0, 0.0, 0.1394406263252998, 0.1883399709263704, 0.0, 0.0, 0.0, 0.0, 0.0, 0.0, 0.0]
XZnode3177: Overflows: [0.0, 0.0, 0.0, 0.0, 0.0, 0.5353336997665451, 0.4365880157376913, 0.07256484022608244, 0.0, 0.0, 0.0, 0.0, 0.0, 0.0]
XZnode3191: Overflows: [0.0, 0.0, 0.0, 0.0, 0.0, 1.5287362733097467, 1.526405340881121, 0.5067622182788847, 0.0, 0.0, 0.0, 0.0, 0.0, 0.0]
XZnode3195: Overflows: [0.0, 0.0, 0.0, 0.0, 0.0, 0.17782517153441474, 0.11875553185764305, 0.0, 0.0, 0.0, 0.0, 0.0, 0.0, 0.0]
XZnode3197: Overflows: [0.0, 0.0, 0.0, 0.0, 0.0, 0.42709257921221827, 1.3381444593489504, 0.9041046493080563, 0.3815962099602207, 0.0, 0.0, 0.0, 0.0, 0.0]
XZnode3200: Overflows: [0.0, 0.0, 0.16117566618718246, 1.2034411346537066, 2.7284822493906793, 7.745128325710788, 8.614568865592757, 6.3612577817790275, 4.695391236049104, 3.603047152528607, 2.8725054758786843, 2.361448162327667, 1.9871547290318565, 0.7568387305636285]
XZnode3201: Overflows: [0.0, 0.0, 0.9708045832952226, 1.3224979772021075, 1.322497977203213, 1.3224979772032093, 1.3224979772032093, 1.3224979772032126, 1.3224979772032135, 1.322497977203213, 1.322497977203214, 1.3224979772032133, 1.322497977203213, 1.1996408987732774]
XZnode3202: Overflows: [0.0, 0.0, 0.0, 0.4299995555134043, 0.4303137638136038, 0.4303137638136056, 0.43031376381360475, 0.4303137638136045, 0.4303137638136031, 0.4303137638136024, 0.4303137638136027, 0.4303137638136044, 0.4303137638136041, 0.0]
XZnode3203: Overflows: [0.0, 0.0, 0.0, 0.04785938400194867, 1.166543588333457, 5.03090036830166, 5.212453829499887, 3.3418533002655963, 2.1258666064359044, 1.3759322004110168, 0.8897357879015831, 0.5545183924080791, 0.31026474628162276, 0.0]
XZnode3204: Overflows: [0.0, 0.0, 0.5281938369017856, 1.1682855896109967, 1.8976718683753084, 4.227795340621625, 4.843591403870355, 3.8834907603749276, 3.095303029197837, 2.5512896933050273, 2.1768747602287015, 1.9027903573920866, 1.6897710889207584, 0.896373038301018]
XZnode3205: Overflows: [0.0, 0.0, 0.0, 0.0001132421919062847, 0.20892159621196588, 1.0723266246534537, 0.8673107146640423, 0.45119283984063036, 0.23430590644195923, 0.11161739009024085, 0.03438077027419266, 0.0, 0.0, 0.0]
XZnode3206: Overflows: [0.0, 0.0, 0.0, 0.6845163521497362, 1.6586058058472877, 5.115253226030402, 5.068646178906122, 3.3984785073866055, 2.3586180691825, 1.7262871201642698, 1.3179903243547102, 1.025695432948525, 0.7978082080864575, 0.0]
XZnode3210: Overflows: [0.0, 0.0, 0.0, 0.0, 0.0, 1.1690673871634212, 1.2691102448501916, 0.4001372148154867, 0.0, 0.0, 0.0, 0.0, 0.0, 0.0]
XZnode3216: Overflows: [0.0, 0.0, 0.0, 0.0, 0.0, 0.13154075669763846, 0.0, 0.0, 0.0, 0.0, 0.0, 0.0, 0.0, 0.0]
XZnode3219: Overflows: [0.0, 0.23892616716202134, 0.7013098403894682, 0.7013103171673931, 0.7013103171673934, 0.7013103171673932, 0.7013103171673936, 0.7013103171673932, 0.7013103171673929, 0.7013103171673931, 0.7013103171673932, 0.7013103171673928, 0.701310317167393, 0.7013103171673932]
XZnode3220: Overflows: [0.0, 0.0, 0.09872504439803292, 0.8424023882322569, 1.935376756487074, 5.566281097136385, 6.167316526341927, 4.571015300473881, 3.3887525591909298, 2.606274989937531, 2.0784939170790397, 1.706924126096083, 1.4336104316307818, 0.5387928506817338]
XZnode3222: Overflows: [0.0, 0.0, 0.0, 0.8847789200848056, 1.1796186624579656, 2.759780231544668, 2.597785553569029, 1.7953193369487876, 1.3411137866855467, 1.0770071694604857, 0.9094763731680888, 0.7947243961111489, 0.7110087291431583, 0.3340829926238873]
XZnode3225: Overflows: [0.0, 0.0, 0.3962371707119109, 0.8184661810955153, 1.1670391943898377, 1.167039200226938, 1.1670392002269379, 1.1670392002269383, 1.167039200226938, 1.167039200226939, 1.167039200226938, 1.1670392002269383, 1.1670392002269379, 0.8276914094529245]
XZnode3226: Overflows: [0.0, 0.0, 0.0, 0.43111213721453184, 0.7150706606415062, 1.365887833617867, 1.3658944813405154, 1.3658944813405176, 1.175378106589838, 0.9469563909484641, 0.8424957293475439, 0.7058522339632045, 0.622816519310889, 0.3801631638591943]
XZnode3227: Overflows: [0.0, 0.0, 0.0, 0.0, 0.26135064914725004, 2.1932626634436345, 2.7768128450190055, 1.993391963142483, 1.349653951623684, 0.8911489405675516, 0.5733482995928892, 0.3434809993880842, 0.1712988830934915, 0.0]
XZnode3228: Overflows: [0.0, 0.0, 0.0, 0.0, 0.3060028992676084, 1.844367734684463, 1.8001174171331442, 1.048104942487946, 0.5867364280277523, 0.3084707808783286, 0.12864645186875848, 0.004980139097590429, 0.0, 0.0]
XZnode3233: Overflows: [0.0, 0.0, 0.0, 0.0, 0.0, 0.40006195196694516, 0.3591011311742669, 0.0, 0.0, 0.0, 0.0, 0.0, 0.0, 0.0]
XZnode3236: Overflows: [0.0, 0.0, 0.0, 0.0, 0.0, 0.1951410198061257, 0.3193688986216188, 0.08976420071592353, 0.0, 0.0, 0.0, 0.0, 0.0, 0.0]
XZnode3238: Overflows: [0.0, 0.0, 0.0, 0.0, 0.0, 0.0, 0.46246445977266787, 0.0, 0.0, 0.0, 0.0, 0.0, 0.0, 0.0]
XZnode3254: Overflows: [0.0, 0.0, 0.0, 0.0, 0.0, 0.0, 0.5855004295727472, 0.0, 0.0, 0.0, 0.0, 0.0, 0.0, 0.0]
XZnode3258: Overflows: [0.0, 0.0, 0.0, 0.0, 0.7397444330008413, 3.940848956291598, 4.258775798498277, 2.8146477994957344, 1.807129321662271, 1.1564838837774645, 0.7224613094848706, 0.41822299628015974, 0.1946725667855138, 0.0]
XZnode3264: Overflows: [0.0, 0.0, 0.0, 0.0, 0.0377806391266789, 0.9905922436044042, 1.0096948634732135, 0.548242638554584, 0.2534984274355426, 0.07309232691259301, 0.0, 0.0, 0.0, 0.0]
XZnode3265: Overflows: [0.0, 0.0, 0.0, 0.0, 0.08763217828656947, 0.09991914709438053, 0.10395150199330697, 0.09378807797022766, 0.09061168569022475, 0.08850648738429463, 0.04324506752498686, 0.0, 0.0, 0.0]
XZnode3268: Overflows: [0.0, 0.0, 0.0, 0.06552290324283502, 0.16426578817881465, 0.16426726644295842, 0.16426579547547696, 0.16426579547547732, 0.1642657954754771, 0.16426579547547587, 0.16426579547547698, 0.16426579547547715, 0.16426579547547693, 0.0]
XZnode3273: Overflows: [0.0, 0.0, 0.0, 0.0, 0.0, 0.20762998175245484, 0.056208754907265505, 0.0, 0.0, 0.0, 0.0, 0.0, 0.0, 0.0]
XZnode3274: Overflows: [0.0, 0.0, 0.0, 0.0, 0.0, 0.2550125526671165, 0.1259621207166173, 0.0, 0.0, 0.0, 0.0, 0.0, 0.0, 0.0]
XZnode3280: Overflows: [0.0, 0.39362600487893173, 0.7909217882374341, 0.7909217882442415, 0.7909217882442415, 0.7909217882442413, 0.7909217882442413, 0.7909217882442414, 0.7909217882442415, 0.7909217882442414, 0.7909217882442416, 0.7909217882442415, 0.7909217882442413, 0.7655911694727879]
XZnode3281: Overflows: [0.0, 0.0, 0.006755682609813757, 0.052589501770813785, 0.12481225821603853, 0.4606298046839037, 0.3028117772752347, 0.16251262631981322, 0.0986592946841344, 0.06339333552461864, 0.041009333499500505, 0.025395827990735465, 0.013766428970577458, 0.0]
XZnode3282: Overflows: [0.0, 0.0, 0.6163846366809779, 1.934590838079807, 3.9123509688437665, 10.270947910681528, 11.915476928426592, 9.289902339313452, 7.152890402621968, 5.679494922039889, 4.664415511088395, 3.941817788412727, 3.4074668284774434, 1.7589239537403953]
XZnode3299: Overflows: [0.0, 0.0, 0.0, 0.0, 0.0, 0.0, 0.35042136164520127, 0.0, 0.0, 0.0, 0.0, 0.0, 0.0, 0.0]
XZnode3306: Overflows: [0.0, 0.0, 0.0, 0.0, 0.0, 1.9192046176657944, 2.258162115599425, 1.0744384841121273, 0.23290217385033127, 0.0, 0.0, 0.0, 0.0, 0.0]
XZnode3314: Overflows: [0.0, 0.0, 0.0, 1.1116773347574118, 2.637786745559939, 4.1402723472585485, 4.768412860021136, 3.7840024441122, 2.8478302054495974, 2.4821047309239868, 2.850030279854111, 3.4213628566672933, 3.123069105009396, 0.8151213950145261]
XZnode3316: Overflows: [0.0, 0.0, 0.0, 0.0, 0.0, 0.8086107605751653, 1.47676252635342, 0.866695362876378, 0.2784507437408118, 0.0, 0.0, 0.0, 0.0, 0.0]
XZnode3319: Overflows: [0.0, 0.0, 0.0, 0.0, 0.0, 0.49794272198606354, 0.6556139972662737, 0.16359817965541168, 0.0, 0.0, 0.0, 0.0, 0.0, 0.0]
XZnode3325: Overflows: [0.0, 0.0, 0.6456214781890894, 1.2264943041724254, 2.0529154488862273, 3.6357914082421403, 4.049404109788401, 3.3156867618507344, 2.7488276544529, 2.381429886085493, 2.007592409414084, 1.7443684323878343, 1.5503295732220603, 0.8836207652901044]
XZnode3326: Overflows: [0.0, 0.0, 0.0, 0.0, 0.4609561726276064, 2.2171531037214636, 2.6178578034517015, 1.8265026543185097, 1.236140834782532, 0.840640201677287, 0.5727334818055784, 0.38421973230524925, 0.24641362797576047, 0.0]
XZnode3327: Overflows: [0.0, 0.0, 0.0, 0.0, 0.0, 0.4130641770255051, 0.41485171916094565, 0.32780297579088497, 0.24664570362256627, 0.1978733654993173, 0.1614042701816035, 0.14166926619413353, 0.1305458611617811, 0.06350447071636804]
XZnode3335: Overflows: [0.0, 0.0, 0.0, 0.0, 0.0, 0.0, 0.2126322638423787, 0.08392248376288784, 0.0, 0.0, 0.0, 0.0, 0.0, 0.0]

Node Coordinates:
XZnode467: Coordinates: (505388.946, 2506205.856)
XZnode468: Coordinates: (505385.74, 2506234.187)
XZnode469: Coordinates: (505469.539, 2505901.203)
XZnode470: Coordinates: (505439.098, 2505896.553)
XZnode471: Coordinates: (506577.067, 2506081.732)
XZnode472: Coordinates: (506346.783, 2506140.765)
XZnode475: Coordinates: (505420.439, 2502375.05)
XZnode486: Coordinates: (505404.055, 2506463.016)
XZnode490: Coordinates: (506412.689, 2507888.426)
XZnode492: Coordinates: (505635.481, 2501570.067)
XZnode504: Coordinates: (506287.595, 2505958.825)
XZnode507: Coordinates: (506312.228, 2505744.047)
XZnode508: Coordinates: (506292.446, 2505943.059)
XZnode509: Coordinates: (506335.992, 2506107.255)
XZnode511: Coordinates: (506424.561, 2506340.067)
XZnode519: Coordinates: (506177.212, 2501877.488)
XZnode1332: Coordinates: (506588.392, 2505154.423)
XZnode1342: Coordinates: (506763.695, 2504949.374)
XZnode1344: Coordinates: (506740.508, 2505193.193)
XZnode1345: Coordinates: (505307.652, 2504196.243)
XZnode1347: Coordinates: (505189.62, 2504133.474)
XZnode1350: Coordinates: (505993.961, 2503986.901)
XZnode1353: Coordinates: (505663.507, 2501169.489)
XZnode1356: Coordinates: (505649.781, 2501507.487)
XZnode1358: Coordinates: (505553.613, 2502632.683)
XZnode1370: Coordinates: (505711.372, 2503506.312)
XZnode1374: Coordinates: (506875.46, 2503890.001)
XZnode1376: Coordinates: (507168.718, 2503732.286)
XZnode1378: Coordinates: (507018.931, 2504345.015)
XZnode1379: Coordinates: (506860.373, 2504293.491)
XZnode1381: Coordinates: (507371.241, 2506778.648)
XZnode1393: Coordinates: (505660.036, 2505157.29)
XZnode1394: Coordinates: (505866.665, 2505146.988)
XZnode1395: Coordinates: (506331.594, 2504108.788)
XZnode1396: Coordinates: (506545.129, 2504238.207)
XZnode1397: Coordinates: (506455.846, 2504208.076)
XZnode1398: Coordinates: (506393.327, 2504366.584)
XZnode1402: Coordinates: (507377.456, 2504579.335)
XZnode1403: Coordinates: (507240.908, 2504450.652)
XZnode1404: Coordinates: (506988.444, 2503608.668)
XZnode1408: Coordinates: (506504.324, 2503102.536)
XZnode1409: Coordinates: (506377.724, 2502877.297)
XZnode1411: Coordinates: (506188.353, 2502511.282)
XZnode1412: Coordinates: (506103.196, 2502658.711)
XZnode1416: Coordinates: (506065.702, 2502464.897)
XZnode1419: Coordinates: (505327.802, 2503059.557)
XZnode1420: Coordinates: (505454.767, 2502898.537)
XZnode1423: Coordinates: (507982.995, 2503656.115)
XZnode1428: Coordinates: (505705.736, 2503917.237)
XZnode1430: Coordinates: (508026.549, 2504308.618)
XZnode1431: Coordinates: (507760.825, 2504443.186)
XZnode1432: Coordinates: (507047.511, 2503899.916)
XZnode1436: Coordinates: (506495.84, 2504505.368)
XZnode1439: Coordinates: (508481.78, 2503343.568)
XZnode1441: Coordinates: (508377.154, 2503358.669)
XZnode1444: Coordinates: (508265.541, 2503431.167)
XZnode2334: Coordinates: (507656.599, 2504248.29)
XZnode2338: Coordinates: (507685.236, 2504511.544)
XZnode2340: Coordinates: (507712.359, 2504502.278)
XZnode2341: Coordinates: (507764.917, 2504653.297)
XZnode2722: Coordinates: (505616.271, 2502379.805)
XZnode2731: Coordinates: (505851.686, 2503035.284)
XZnode2732: Coordinates: (505928.833, 2503030.512)
XZnode2733: Coordinates: (506020.38, 2503017.198)
XZnode2734: Coordinates: (506121.731, 2502948.21)
XZnode2747: Coordinates: (507128.359, 2502402.536)
XZnode2750: Coordinates: (507396.543, 2502546.686)
XZnode2751: Coordinates: (507483.044, 2502633.457)
XZnode2756: Coordinates: (507703.397, 2503118.494)
XZnode2834: Coordinates: (507104.886, 2503109.798)
XZnode2835: Coordinates: (507201.592, 2503104.704)
XZnode2836: Coordinates: (507286.852, 2503100.444)
XZnode2846: Coordinates: (506695.972, 2502399.062)
XZnode2851: Coordinates: (507706.773, 2503148.889)
XZnode2853: Coordinates: (507670.105, 2503449.612)
XZnode2854: Coordinates: (507669.764, 2503152.171)
XZnode2863: Coordinates: (506850.281, 2505997.528)
XZnode2864: Coordinates: (507036.509, 2505887.968)
XZnode2866: Coordinates: (507135.572, 2505834.331)
XZnode2888: Coordinates: (505506.979, 2505681.708)
XZnode2902: Coordinates: (507097.8, 2502999.68)
XZnode2911: Coordinates: (505587.757, 2507289.293)
XZnode2912: Coordinates: (506174.483, 2506685.045)
XZnode2913: Coordinates: (506335.563, 2506648.308)
XZnode2915: Coordinates: (506302.586, 2506555.174)
XZnode2916: Coordinates: (506741.206, 2506327.444)
XZnode2928: Coordinates: (507742.582, 2504464.771)
XZnode2931: Coordinates: (507031.316, 2501916.442)
XZnode2933: Coordinates: (507816.999, 2503482.635)
XZnode2944: Coordinates: (505659.961, 2507059.913)
XZnode2948: Coordinates: (505561.483, 2505171.492)
XZnode2958: Coordinates: (505952.263, 2505142.459)
XZnode3135: Coordinates: (506042.808, 2505478.657)
XZnode3143: Coordinates: (506215.1, 2506143.608)
XZnode3150: Coordinates: (507996.761, 2506607.464)
XZnode3160: Coordinates: (507691.923, 2506777.863)
XZnode3162: Coordinates: (507915.507, 2506628.708)
XZnode3167: Coordinates: (507873.756, 2507066.631)
XZnode3168: Coordinates: (507085.142, 2507210.904)
XZnode3172: Coordinates: (507044.427, 2507081.062)
XZnode3173: Coordinates: (507063.122, 2507123.204)
XZnode3177: Coordinates: (507000.321, 2507013.077)
XZnode3191: Coordinates: (507497.861, 2506475.486)
XZnode3195: Coordinates: (506296.437, 2504089.502)
XZnode3197: Coordinates: (505369.411, 2503775.444)
XZnode3200: Coordinates: (508660.796, 2505232.77)
XZnode3201: Coordinates: (508645.825, 2505324.938)
XZnode3202: Coordinates: (508760.54, 2505346.728)
XZnode3203: Coordinates: (508870.343, 2505366.586)
XZnode3204: Coordinates: (508632.359, 2505542.94)
XZnode3205: Coordinates: (508744.057, 2505561.765)
XZnode3206: Coordinates: (508860.707, 2505581.425)
XZnode3210: Coordinates: (506429.144, 2504603.426)
XZnode3216: Coordinates: (505798.675, 2505680.686)
XZnode3219: Coordinates: (507831.01, 2504820.766)
XZnode3220: Coordinates: (507841.951, 2504848.703)
XZnode3222: Coordinates: (507983.291, 2505189.801)
XZnode3225: Coordinates: (507937.665, 2505224.731)
XZnode3226: Coordinates: (507805.579, 2505261.081)
XZnode3227: Coordinates: (507816.121, 2505287.098)
XZnode3228: Coordinates: (507941.972, 2505250.152)
XZnode3233: Coordinates: (506927.881, 2506880.998)
XZnode3236: Coordinates: (506867.703, 2506979.886)
XZnode3238: Coordinates: (506705.205, 2507017.459)
XZnode3254: Coordinates: (505730.091, 2506772.626)
XZnode3258: Coordinates: (505904.616, 2504763.718)
XZnode3264: Coordinates: (506289.984, 2506362.776)
XZnode3265: Coordinates: (506291.546, 2506524.903)
XZnode3268: Coordinates: (508270.402, 2503410.616)
XZnode3273: Coordinates: (508293.652, 2503383.397)
XZnode3274: Coordinates: (508183.34, 2503403.9)
XZnode3280: Coordinates: (508456.31, 2503522.034)
XZnode3281: Coordinates: (508522.75, 2503549.903)
XZnode3282: Coordinates: (508576.572, 2503575.536)
XZnode3299: Coordinates: (506755.413, 2503649.887)
XZnode3306: Coordinates: (505299.86, 2504644.395)
XZnode3314: Coordinates: (507953.33, 2505545.764)
XZnode3316: Coordinates: (505661.497, 2501163.033)
XZnode3319: Coordinates: (507500.803, 2505240.228)
XZnode3325: Coordinates: (507067.302, 2505247.301)
XZnode3326: Coordinates: (506944.319, 2505126.937)
XZnode3327: Coordinates: (507073.052, 2505166.967)
XZnode3335: Coordinates: (506336.503, 2506130.388)
